96.834
67.952
10.537
94.63
88.525
99.676
55.956
40.749
22.844
78.863
86.703
82.805
37.208
72.685
62.22
8.15
93.455
87.826
84.054
82.876
18.513
41.151
58.507
94.983
93.516
0.304
11.511
56.397
27.838
72.266
6.72
89.542
3.108
64.087
17.925
84.472
48.89
39.334
85.117
75.931
16.515
46.236
39.874
56.201
50.452
99.074
20.198
9.253
17.658
53.044
7.579
24.454
44.48
24.658
9.708
23.951
27.993
74.67
81.192
16.89
34.052
88.595
21.527
75.715
67.884
61.068
14.727
15.089
4.682
14.62
78.212
42.318
97.487
60.87
69.902
39.696
37.514
42.726
61.953
33.791
28.139
79.85
27.152
4.471
47.916
76.476
99.714
87.32
20.279
40.616
66.087
27.129
77.984
6.732
13.316
47.252
8.914
50.171
12.646
9.868
