78.673
84.927
33.341
49.327
30.787
69.039
43.695
96.823
35.655
83.277
22.833
99.631
54.037
9.717
80.773
10.375
6.359
78.493
31.711
6.882
55.084
40.319
10.523
36.796
23.282
40.62
24.744
15.947
60.875
18.138
79.706
81.543
29.464
45.576
0.532
84.967
14.274
27.547
88.868
45.751
87.457
72.0
94.499
78.258
40.846
55.295
52.42
45.672
78.234
8.215
34.446
92.068
7.338
60.483
91.152
52.673
99.823
94.694
14.649
44.854
94.147
77.12
35.685
97.941
0.407
52.425
79.542
88.696
29.008
12.138
44.385
11.026
5.679
72.553
32.996
23.512
54.198
26.769
64.249
86.375
25.202
67.706
14.192
20.691
24.494
14.161
88.286
96.989
47.543
10.385
6.131
87.808
58.177
11.137
87.902
99.345
58.956
8.809
67.778
31.04
