253697.2999420001
251957.26571599994
247182.217535
269290.66433899995
247297.78632800002
262205.442562
222142.52880000003
233227.96435200004
218601.28478400002
236054.326764
262012.90081799997
224054.48517100012
248855.69830100003
240190.7592149999
221824.418047
234806.09979200014
279040.08715900016
221570.54280000008
220591.07160999998
253890.665435
285685.7689930001
236542.62237
241285.95636599994
241425.49479500004
231627.49737099992
259169.58693000005
222001.40905799993
234732.5270629999
274651.4332230001
238433.01133199997
221863.14218499998
235841.79228599998
261360.93885799998
229856.75440099984
242985.868453
251114.6703130001
260936.53223100005
233618.631818
221732.27397500005
250052.815069
240899.63525799994
237377.85615499996
241101.10162000015
234880.75128000003
251231.81433300002
239388.58667799996
252971.67082600002
221736.80904800005
255486.43957799987
209467.70797399996
215057.214653
259552.04217099992
227562.77788299997
256261.16287900004
243978.47451899995
272317.484124
234113.81184599985
236635.70447999993
228854.361586
217200.02182
243894.71497300002
225015.87741499997
221189.6819000001
225465.4017780001
243994.321974
267883.6841089998
253455.53875599988
267929.2288750001
278076.03138900007
224210.19375800004
275524.491217
269692.544981
234599.118947
228725.61175000004
223149.80907700004
273847.9333390001
251828.04653199998
250560.98953000005
277821.95903299993
230429.879075
231948.486613
247954.873053
238512.96116900005
226036.96754600003
242549.38552500002
239658.8334599999
231845.55353900004
274881.365204
253291.32990200003
232140.72880299995
251317.73269900007
232994.38614699992
260763.87109000003
250754.14408400012
265042.1419870001
243583.33238199988
270157.86980900017
229709.9288169999
249881.4969159999
271084.1163239999
